[GEOMETRIE]
L1=0.3
L2=0.3
L3=0.3
bielle=0.38
manivelle=0.11
[SIMULATION]
max_gauge=300
vit_rampe_tang=1.0
vit_rampe_roul=1.0
[MASSE]
mase=250
Ixx=125
Iyy=125
Izz=30
[NETWORK]
host_video=192.168.126.110
coef_tangage=-3
coef_roulis=-1.20000004768372
coef_pompage=8.80000019073486
coef_vitesse=0.400000005960464
delai_msg=5
[TEST]
duration=10
fade_time=1
